HASIL DETEKSI KONTUR EKSTERNAL
==================================================

CITRA ASLI:
0 0 0 0 0 0 0 0 0
0 0 0 0 0 0 0 0 0
0 0 1 1 1 0 0 0 0
0 0 1 1 1 1 1 0 0
0 0 0 1 1 1 0 0 0
0 0 1 1 1 1 0 0 0
0 0 1 1 0 1 1 0 0
0 0 0 0 0 0 0 0 0
0 0 0 0 0 0 0 0 0

KONTUR 4-KETETANGGAAN:
0 0 0 0 0 0 0 0 0
0 0 0 0 0 0 0 0 0
0 0 1 1 1 0 0 0 0
0 0 1 0 0 1 1 0 0
0 0 0 1 0 1 0 0 0
0 0 1 0 1 1 0 0 0
0 0 1 1 0 1 1 0 0
0 0 0 0 0 0 0 0 0
0 0 0 0 0 0 0 0 0

KONTUR 8-KETETANGGAAN:
0 0 0 0 0 0 0 0 0
0 0 0 0 0 0 0 0 0
0 0 1 1 1 0 0 0 0
0 0 1 1 1 1 1 0 0
0 0 0 1 0 1 0 0 0
0 0 1 1 1 1 0 0 0
0 0 1 1 0 1 1 0 0
0 0 0 0 0 0 0 0 0
0 0 0 0 0 0 0 0 0

STATISTIK:
Pixel objek asli: 19
Pixel kontur (4-conn): 15
Pixel kontur (8-conn): 18
